0    00000000 01001000100000 
1    00000001 10000100000000 
2    00000010 10010000100000 
3    00000011 10001000100000 
4    00000100 01000100000000 
5    00000101 00000100010000 
6    00000110 00010000100000 
7    00000111 00100100000000 
8    00001000 01001001000000 
9    00001001 10000001000000 
10   00001010 10010001000000 
11   00001011 10001001000000 
12   00001100 01000001000000 
13   00001101 00000001000000 
14   00001110 00010001000000 
15   00001111 00100001000000 
16   00010000 10000000100000 
17   00010001 10000010000000 
18   00010010 10010010000000 
19   00010011 00100000100000 
20   00010100 01000010000000 
21   00010101 00000010000000 
22   00010110 00010010000000 
23   00010111 00100010000000 
24   00011000 01001000010000 
25   00011001 10000000010000 
26   00011010 10010000010000 
27   00011011 10001000010000 
28   00011100 01000000010000 
29   00011101 00001000010000 
30   00011110 00010000010000 
31   00011111 00100000010000 
32   00100000 00000000100000 
33   00100001 10000100001000 
34   00100010 00001000100000 
35   00100011 00100100100000 
36   00100100 01000100001000 
37   00100101 00000100001000 
38   00100110 01000000100000 
39   00100111 00100100001000 
40   00101000 01001001001000 
41   00101001 10000001001000 
42   00101010 10010001001000 
43   00101011 10001001001000 
44   00101100 01000001001000 
45   00101101 00000001001000 
46   00101110 00010001001000 
47   00101111 00100001001000 
48   00110000 00000100000000 
49   00110001 10000010001000 
50   00110010 10010010001000 
51   00110011 10000100010000 
52   00110100 01000010001000 
53   00110101 00000010001000 
54   00110110 00010010001000 
55   00110111 00100010001000 
56   00111000 01001000001000 
57   00111001 10000000001000 
58   00111010 10010000001000 
59   00111011 10001000001000 
60   00111100 01000000001000 
61   00111101 00001000001000 
62   00111110 00010000001000 
63   00111111 00100000001000
64   01000000 01001000100100
65   01000001 10000100100100
66   01000010 10010000100100
67   01000011 10001000100100
68   01000100 01000100100100
69   01000101 00000000100100
70   01000110 00010000100100
71   01000111 00100100100100
72   01001000 01001001000100
73   01001001 10000001000100
74   01001010 10010001000100
75   01001011 10001001000100
76   01001100 01000001000100
77   01001101 00000001000100
78   01001110 00010001000100
79   01001111 00100001000100
80   01010000 10000000100100
81   01010001 10000010000100
82   01010010 10010010000100
83   01010011 00100000100100
84   01010100 01000010000100
85   01010101 00000010000100
86   01010110 00010010000100
87   01010111 00100010000100
88   01011000 01001000000100
89   01011001 10000000000100
90   01011010 10010000000100
91   01011011 10001000000100
92   01011100 01000000000100
93   01011101 00001000000100
94   01011110 00010000000100
95   01011111 00100000000100
96   01100000 01001000100010
97   01100001 10000100100010
98   01100010 10010000100010
99   01100011 10001000100010
100  01100100 01000100100010
101  01100101 00000000100010
102  01100110 01000000100100
103  01100111 00100100100010
104  01101000 01001001000010
105  01101001 10000001000010
106  01101010 10010001000010
107  01101011 10001001000010
108  01101100 01000001000010
109  01101101 00000001000010
110  01101110 00010001000010
111  01101111 00100001000010
112  01110000 10000000100010
113  01110001 10000010000010
114  01110010 10010010000010
115  01110011 00100000100010
116  01110100 01000010000010
117  01110101 00000010000010
118  01110110 00010010000010
119  01110111 00100010000010
120  01111000 01001000000010
121  01111001 00001001001000
122  01111010 10010000000010
123  01111011 10001000000010
124  01111100 01000000000010
125  01111101 00001000000010
126  01111110 00010000000010
127  01111111 00100000000010
128  10000000 01001000100001 
129  10000001 10000100100001 
130  10000010 10010000100001 
131  10000011 10001000100001 
132  10000100 01000100100001 
133  10000101 00000000100001 
134  10000110 00010000100001 
135  10000111 00100100100001 
136  10001000 01001001000001 
137  10001001 10000001000001 
138  10001010 10010001000001 
139  10001011 10001001000001 
140  10001100 01000001000001 
141  10001101 00000001000001 
142  10001110 00010001000001 
143  10001111 00100001000001 
144  10010000 10000000100001 
145  10010001 10000010000001 
146  10010010 10010010000001 
147  10010011 00100000100001 
148  10010100 01000010000001 
149  10010101 00000010000001 
150  10010110 00010010000001 
151  10010111 00100010000001 
152  10011000 01001000000001 
153  10011001 10000010010000 
154  10011010 10010000000001 
155  10011011 10001000000001 
156  10011100 01000010010000 
157  10011101 00001000000001 
158  10011110 00010000000001 
159  10011111 00100010010000 
160  10100000 00001000100001 
161  10100001 10000100001001 
162  10100010 01000100010000 
163  10100011 00000100100001 
164  10100100 01000100001001 
165  10100101 00000100001001 
166  10100110 01000000100001 
167  10100111 00100100001001 
168  10101000 01001001001001 
169  10101001 10000001001001 
170  10101010 10010001001001 
171  10101011 10001001001001 
172  10101100 01000001001001 
173  10101101 00000001001001 
174  10101110 00010001001001 
175  10101111 00100001001001 
176  10110000 00000100100000 
177  10110001 10000010001001 
178  10110010 10010010001001 
179  10110011 00100100010000 
180  10110100 01000010001001 
181  10110101 00000010001001 
182  10110110 00010010001001 
183  10110111 00100010001001 
184  10111000 01001000001001 
185  10111001 10000000001001 
186  10111010 10010000001001 
187  10111011 10001000001001 
188  10111100 01000000001001 
189  10111101 00001000001001 
190  10111110 00010000001001 
191  10111111 00100000001001
192  11000000 01000100100000
193  11000001 10000100010001
194  11000010 10010010010000
195  11000011 00001000100100
196  11000100 01000100010001
197  11000101 00000100010001
198  11000110 00010010010000
199  11000111 00100100010001
200  11001000 00001001000001
201  11001001 10000100000001
202  11001010 00001001000100
203  11001011 00001001000000
204  11001100 01000100000001
205  11001101 00000100000001
206  11001110 00000010010000
207  11001111 00100100000001
208  11010000 00000100100100
209  11010001 10000010010001
210  11010010 10010010010001
211  11010011 10000100100000
212  11010100 01000010010001
213  11010101 00000010010001
214  11010110 00010010010001
215  11010111 00100010010001
216  11011000 01001000010001
217  11011001 10000000010001
218  11011010 10010000010001
219  11011011 10001000010001
220  11011100 01000000010001
221  11011101 00001000010001
222  11011110 00010000010001
223  11011111 00100000010001
224  11100000 01000100000010
225  11100001 00000100000010
226  11100010 10000100010010
227  11100011 00100100000010
228  11100100 01000100010010
229  11100101 00000100010010
230  11100110 01000000100010
231  11100111 00100100010010
232  11101000 10000100000010
233  11101001 10000100000100
234  11101010 00001001001001
235  11101011 00001001000010
236  11101100 01000100000100
237  11101101 00000100000100
238  11101110 00010000100010
239  11101111 00100100000100
240  11110000 00000100100010
241  11110001 10000010010010
242  11110010 10010010010010
243  11110011 00001000100010
244  11110100 01000010010010
245  11110101 00000010010010
246  11110110 00010010010010
247  11110111 00100010010010
248  11111000 01001000010010
249  11111001 10000000010010
250  11111010 10010000010010
251  11111011 10001000010010
252  11111100 01000000010010
253  11111101 00001000010010
254  11111110 00010000010010
255  11111111 00100000010010
